1904131
1905302
1905283
1905101
1905222
1904304
1905232
1906142
1907052
1904192
1905191
1907031
1904103
1906202
1904183
1904092
1907191
1904292
1905051
1904021
1906231
1905091
1907124
1906082
1905292
1905111
1904261
1906052
1904243
1904042
1904244
1904232
1904222
1904122
1905104
1904241
1904113
1904152
1905192
1906051
1906201
1906141
1904302
1906101
1905072
1905291
1904231
1904104
1907232
1905201
1906162
1907051
1907234
1905301
1905092
1904114
1905303
1905061
1907102
1904191
1905063
1904242
1905193
1904115
1907123
1904301
1905093